Operacja zapisu do rejestru
[0] 359
[1] 275
[2] 263
[3] 261
[4] 260
[5] 263
[6] 289
[7] 259
[8] 286
[9] 260
[10] 265
[11] 266
[12] 286
[13] 288
[14] 260
[15] 267
[16] 276
[17] 284
[18] 260
[19] 267
[20] 261
[21] 272
[22] 260
[23] 260
[24] 277
[25] 260
[26] 280
[27] 276
[28] 272
[29] 261
[30] 288
[31] 260
[32] 272
[33] 286
[34] 265
[35] 272
[36] 260
[37] 265
[38] 270
[39] 288
[40] 269
[41] 261
[42] 272
[43] 276
[44] 288
[45] 298
[46] 267
[47] 272
[48] 261
[49] 282
Operacja zapisu do pamieci
[0] 168
[1] 166
[2] 160
[3] 162
[4] 162
[5] 160
[6] 162
[7] 162
[8] 170
[9] 171
[10] 158
[11] 168
[12] 162
[13] 172
[14] 167
[15] 167
[16] 170
[17] 170
[18] 168
[19] 168
[20] 166
[21] 168
[22] 168
[23] 164
[24] 171
[25] 168
[26] 172
[27] 173
[28] 180
[29] 168
[30] 174
[31] 162
[32] 167
[33] 165
[34] 167
[35] 162
[36] 167
[37] 168
[38] 157
[39] 167
[40] 164
[41] 168
[42] 172
[43] 160
[44] 170
[45] 166
[46] 164
[47] 164
[48] 166
[49] 171
Funkcja systemowa read
[0] 411981
[1] 2836
[2] 2183
[3] 2151
[4] 2197
[5] 2156
[6] 2163
[7] 2148
[8] 2151
[9] 2151
[10] 2148
[11] 2175
[12] 2157
[13] 2179
[14] 2200
[15] 2210
[16] 2187
[17] 2179
[18] 2155
[19] 2156
[20] 2169
[21] 2169
[22] 2177
[23] 2160
[24] 2163
[25] 2163
[26] 3493
[27] 2286
[28] 2171
[29] 2171
[30] 2160
[31] 2183
[32] 2171
[33] 2191
[34] 2163
[35] 2167
[36] 2163
[37] 2157
[38] 2167
[39] 2165
[40] 2164
[41] 2163
[42] 2173
[43] 2169
[44] 2165
[45] 2161
[46] 2159
[47] 2157
[48] 2163
[49] 2167
Funkcja systemowa write
0 [0] = 7703
0 [1] = 17929
0 [2] = 19164
0 [3] = 19756
0 [4] = 8509
0 [5] = 9853
0 [6] = 8175
0 [7] = 8274
0 [8] = 9955
0 [9] = 7230
0 [10] = 6886
0 [11] = 6888
0 [12] = 6875
0 [13] = 6904
0 [14] = 6904
0 [15] = 14696
0 [16] = 7666
0 [17] = 6924
0 [18] = 12801
0 [19] = 14873
0 [20] = 13844
0 [21] = 12008
0 [22] = 17203
0 [23] = 7017
0 [24] = 12955
0 [25] = 14451
0 [26] = 7575
0 [27] = 13475
0 [28] = 13425
0 [29] = 7071
0 [30] = 19090
0 [31] = 7409
0 [32] = 6873
0 [33] = 6857
0 [34] = 6831
0 [35] = 6880
0 [36] = 6875
0 [37] = 12229
0 [38] = 13358
0 [39] = 7330
0 [40] = 7224
0 [41] = 14594
0 [42] = 7033
0 [43] = 7294
0 [44] = 15090
0 [45] = 6851
0 [46] = 15340
0 [47] = 12786
0 [48] = 12058
0 [49] = 16597
Funkcja scanf
[0] 659284
[1] 2898
[2] 709
[3] 683
[4] 663
[5] 655
[6] 637
[7] 649
[8] 644
[9] 651
[10] 653
[11] 628
[12] 638
[13] 622
[14] 634
[15] 648
[16] 624
[17] 661
[18] 653
[19] 669
[20] 635
[21] 632
[22] 639
[23] 649
[24] 644
[25] 644
[26] 623
[27] 653
[28] 648
[29] 617
[30] 671
[31] 652
[32] 653
[33] 633
[34] 659
[35] 653
[36] 614
[37] 654
[38] 649
[39] 630
[40] 638
[41] 626
[42] 622
[43] 614
[44] 623
[45] 622
[46] 631
[47] 634
[48] 610
[49] 622
Funkcja printf, pusty ciag formatujacy
 [0] 1352
 [1] 567
 [2] 384
 [3] 377
 [4] 381
 [5] 375
 [6] 375
 [7] 389
 [8] 379
 [9] 388
 [10] 379
 [11] 387
 [12] 377
 [13] 379
 [14] 375
 [15] 387
 [16] 379
 [17] 377
 [18] 389
 [19] 383
 [20] 389
 [21] 383
 [22] 375
 [23] 385
 [24] 385
 [25] 375
 [26] 379
 [27] 377
 [28] 383
 [29] 375
 [30] 377
 [31] 377
 [32] 377
 [33] 383
 [34] 375
 [35] 375
 [36] 375
 [37] 385
 [38] 395
 [39] 409
 [40] 448
 [41] 424
 [42] 397
 [43] 392
 [44] 408
 [45] 539
 [46] 438
 [47] 452
 [48] 402
 [49] 651
Funkcja printf, krotki napis bez znaku nowej linii
aaa [0] 35299
aaa [1] 1575
aaa [2] 1050
aaa [3] 1050
aaa [4] 1227
aaa [5] 1026
aaa [6] 1042
aaa [7] 1040
aaa [8] 1050
aaa [9] 1050
aaa [10] 1046
aaa [11] 1050
aaa [12] 1034
aaa [13] 1040
aaa [14] 1050
aaa [15] 1034
aaa [16] 1038
aaa [17] 1054
aaa [18] 1042
aaa [19] 1038
aaa [20] 1032
aaa [21] 1058
aaa [22] 1048
aaa [23] 1046
aaa [24] 1032
aaa [25] 1058
aaa [26] 1031
aaa [27] 1038
aaa [28] 1050
aaa [29] 1176
aaa [30] 1040
aaa [31] 1020
aaa [32] 1042
aaa [33] 1052
aaa [34] 1040
aaa [35] 1060
aaa [36] 1044
aaa [37] 1054
aaa [38] 1050
aaa [39] 1040
aaa [40] 1040
aaa [41] 1040
aaa [42] 1028
aaa [43] 1030
aaa [44] 1060
aaa [45] 1036
aaa [46] 1041
aaa [47] 1044
aaa [48] 1042
aaa [49] 1054
Funkcja printf, krotki tekst ze znakiem nowej linii
aaa
[0] 1078
aaa
[1] 718
aaa
[2] 623
aaa
[3] 622
aaa
[4] 614
aaa
[5] 618
aaa
[6] 628
aaa
[7] 618
aaa
[8] 622
aaa
[9] 622
aaa
[10] 620
aaa
[11] 629
aaa
[12] 615
aaa
[13] 626
aaa
[14] 622
aaa
[15] 631
aaa
[16] 614
aaa
[17] 629
aaa
[18] 626
aaa
[19] 630
aaa
[20] 631
aaa
[21] 614
aaa
[22] 624
aaa
[23] 630
aaa
[24] 624
aaa
[25] 632
aaa
[26] 627
aaa
[27] 627
aaa
[28] 622
aaa
[29] 628
aaa
[30] 623
aaa
[31] 626
aaa
[32] 627
aaa
[33] 616
aaa
[34] 618
aaa
[35] 620
aaa
[36] 626
aaa
[37] 618
aaa
[38] 632
aaa
[39] 623
aaa
[40] 620
aaa
[41] 613
aaa
[42] 624
aaa
[43] 622
aaa
[44] 620
aaa
[45] 627
aaa
[46] 630
aaa
[47] 630
aaa
[48] 635
aaa
[49] 640


